2.500000000000000000e+00 1.688673674015730153e-01
3.500000000000000000e+00 1.679549942221363334e-01
4.500000000000000000e+00 1.697218793275963589e-01
5.500000000000000000e+00 1.741362398081892637e-01
6.500000000000000000e+00 1.729135981364889052e-01
7.500000000000000000e+00 1.706493504668383787e-01
8.500000000000000000e+00 1.633366187686985382e-01
9.500000000000000000e+00 1.585974257773003493e-01
1.050000000000000000e+01 1.541671971181434730e-01
1.150000000000000000e+01 1.583460860793571290e-01
1.250000000000000000e+01 1.565165229281700043e-01
1.350000000000000000e+01 1.508514000768279295e-01
1.450000000000000000e+01 1.467886042152984905e-01
1.550000000000000000e+01 1.459846540164303486e-01
1.650000000000000000e+01 1.398887672162715534e-01
1.750000000000000000e+01 1.376672982162600034e-01
1.850000000000000000e+01 1.386197332648769487e-01
1.950000000000000000e+01 1.360826080239444791e-01
2.050000000000000000e+01 1.366837270054062359e-01
2.150000000000000000e+01 1.321697734681959724e-01
2.250000000000000000e+01 1.292331440751877947e-01
2.350000000000000000e+01 1.242577838041778182e-01
2.450000000000000000e+01 1.249992529311721029e-01
2.550000000000000000e+01 1.232083213460773152e-01
2.650000000000000000e+01 1.179966072175657604e-01
2.750000000000000000e+01 1.125905517306100417e-01
2.850000000000000000e+01 1.141348127768836429e-01
2.950000000000000000e+01 1.113225350373250599e-01
3.050000000000000000e+01 1.105228155523938910e-01
3.150000000000000000e+01 1.090737493877872166e-01
3.250000000000000000e+01 1.065081544159926230e-01
3.350000000000000000e+01 9.900883144621228094e-02
3.450000000000000000e+01 9.523916427422556008e-02
3.550000000000000000e+01 9.243179712353449817e-02
3.650000000000000000e+01 8.892383817388672951e-02
3.750000000000000000e+01 8.799892470454161175e-02
3.850000000000000000e+01 9.320952431203355371e-02
3.950000000000000000e+01 8.997442194896917989e-02
4.050000000000000000e+01 9.039140674085753557e-02
4.150000000000000000e+01 8.927052040551317069e-02
4.250000000000000000e+01 8.358886397710074689e-02
4.350000000000000000e+01 8.195051411909802519e-02
4.450000000000000000e+01 8.206435296488046038e-02
4.550000000000000000e+01 8.468912034906146691e-02
4.650000000000000000e+01 8.958982835946170675e-02
4.750000000000000000e+01 9.004080859630031464e-02
4.850000000000000000e+01 8.814175007129786132e-02
4.950000000000000000e+01 8.539048346911333465e-02
5.050000000000000000e+01 8.512359179482001381e-02
5.150000000000000000e+01 8.321231323185039608e-02
5.250000000000000000e+01 8.142828665026557999e-02
5.350000000000000000e+01 7.736508246012700762e-02
5.450000000000000000e+01 7.783008650389960925e-02
5.550000000000000000e+01 7.643074097980641357e-02
5.650000000000000000e+01 7.688974415541047214e-02
5.750000000000000000e+01 7.705296535877441400e-02
5.850000000000000000e+01 7.532983680323364351e-02
5.950000000000000000e+01 7.419692346393427784e-02
6.050000000000000000e+01 7.470378719114914579e-02
6.150000000000000000e+01 7.455555217013865033e-02
6.250000000000000000e+01 7.068246633509338295e-02
6.350000000000000000e+01 7.280937176428482760e-02
6.450000000000000000e+01 7.352795028917331888e-02
6.550000000000000000e+01 7.238168323162408324e-02
6.650000000000000000e+01 6.881260042819060951e-02
6.750000000000000000e+01 6.526743166603451995e-02
6.850000000000000000e+01 6.198497024682005779e-02
6.950000000000000000e+01 5.989535880657603090e-02
7.050000000000000000e+01 5.991646071487304048e-02
7.150000000000000000e+01 5.673950121722597800e-02
7.250000000000000000e+01 5.646217409077045057e-02
7.350000000000000000e+01 5.588037833830034051e-02
7.450000000000000000e+01 5.675591899021266429e-02
7.550000000000000000e+01 5.654180495061862655e-02
7.650000000000000000e+01 5.006215909033297912e-02
7.750000000000000000e+01 4.951032815314867358e-02
7.850000000000000000e+01 4.996329230596330273e-02
7.950000000000000000e+01 4.918620620782968023e-02
8.050000000000000000e+01 4.581394956727115331e-02
8.150000000000000000e+01 4.207604012239982150e-02
8.250000000000000000e+01 4.382968996308856530e-02
8.350000000000000000e+01 3.822168238182235833e-02
8.450000000000000000e+01 3.516401925114832211e-02
8.550000000000000000e+01 3.170588257425528689e-02
8.650000000000000000e+01 3.040200179278431877e-02
8.750000000000000000e+01 3.053669338207932668e-02
8.850000000000000000e+01 3.211621550659787827e-02
8.950000000000000000e+01 2.709761439161935404e-02
9.050000000000000000e+01 2.084507304161418648e-02
9.150000000000000000e+01 2.060953397630464756e-02
9.250000000000000000e+01 1.662155852096287509e-02
9.350000000000000000e+01 1.664244216439183729e-02
9.450000000000000000e+01 1.525600847568699472e-02
9.550000000000000000e+01 1.247742233595494805e-02
9.650000000000000000e+01 1.294700170980849635e-02
9.750000000000000000e+01 1.779033204969010518e-02
9.850000000000000000e+01 2.009658346511256424e-02
9.950000000000000000e+01 2.125574273054518445e-02
