2.500000000000000000e+00 -2.907043191833092788e+00
3.500000000000000000e+00 -2.982799625531154852e+00
4.500000000000000000e+00 -3.013341836433827137e+00
5.500000000000000000e+00 -3.025536358598981401e+00
6.500000000000000000e+00 -3.032159035258682245e+00
7.500000000000000000e+00 -3.025948427170251254e+00
8.500000000000000000e+00 -3.015565691304538110e+00
9.500000000000000000e+00 -3.002623792929732360e+00
1.050000000000000000e+01 -2.990560373464301147e+00
1.150000000000000000e+01 -2.968002721766952234e+00
1.250000000000000000e+01 -2.937494834687641276e+00
1.350000000000000000e+01 -2.896574147196349980e+00
1.450000000000000000e+01 -2.850070583985018224e+00
1.550000000000000000e+01 -2.794590411722102097e+00
1.650000000000000000e+01 -2.724132528831693989e+00
1.750000000000000000e+01 -2.646583624477341967e+00
1.850000000000000000e+01 -2.550001026147726169e+00
1.950000000000000000e+01 -2.448978581745040461e+00
2.050000000000000000e+01 -2.335298236784135728e+00
2.150000000000000000e+01 -2.217312738177726672e+00
2.250000000000000000e+01 -2.098201045258552000e+00
2.350000000000000000e+01 -1.973778042975320224e+00
2.450000000000000000e+01 -1.851342392574857554e+00
2.550000000000000000e+01 -1.730098308167043575e+00
2.650000000000000000e+01 -1.612631251405908461e+00
2.750000000000000000e+01 -1.491848934353410039e+00
2.850000000000000000e+01 -1.370410252340096058e+00
2.950000000000000000e+01 -1.252040370329909003e+00
3.050000000000000000e+01 -1.137872111966433675e+00
3.150000000000000000e+01 -1.030064552844388803e+00
3.250000000000000000e+01 -9.230190004829170736e-01
3.350000000000000000e+01 -8.256918876137727681e-01
3.450000000000000000e+01 -7.310938469873669021e-01
3.550000000000000000e+01 -6.437616422672679528e-01
3.650000000000000000e+01 -5.662452678670362172e-01
3.750000000000000000e+01 -4.837969677950179626e-01
3.850000000000000000e+01 -4.143234266350706574e-01
3.950000000000000000e+01 -3.499358215549773776e-01
4.050000000000000000e+01 -2.932582595159627936e-01
4.150000000000000000e+01 -2.370977920855777132e-01
4.250000000000000000e+01 -1.917321348598309549e-01
4.350000000000000000e+01 -1.516120861956415655e-01
4.450000000000000000e+01 -1.209609741338239786e-01
4.550000000000000000e+01 -9.687812774983053932e-02
4.650000000000000000e+01 -7.425570307949544424e-02
4.750000000000000000e+01 -5.489652757113031717e-02
4.850000000000000000e+01 -3.791462741577304035e-02
4.950000000000000000e+01 -3.011676910055873652e-02
5.050000000000000000e+01 -1.969834681299147475e-02
5.150000000000000000e+01 -8.141947554414248958e-03
5.250000000000000000e+01 2.037740644106467072e-03
5.350000000000000000e+01 6.156345177458000251e-03
5.450000000000000000e+01 8.653550956255322626e-03
5.550000000000000000e+01 1.576516897034000234e-02
5.650000000000000000e+01 1.821986539606734040e-02
5.750000000000000000e+01 1.949491855708952032e-02
5.850000000000000000e+01 1.731557097377889320e-02
5.950000000000000000e+01 1.928521033311980659e-02
6.050000000000000000e+01 2.161544648857294249e-02
6.150000000000000000e+01 2.748205154527507549e-02
6.250000000000000000e+01 3.040033004623564350e-02
6.350000000000000000e+01 2.657625289833557072e-02
6.450000000000000000e+01 2.404088864858101859e-02
6.550000000000000000e+01 2.796929901893407261e-02
6.650000000000000000e+01 2.511239892205751473e-02
6.750000000000000000e+01 2.896448115054859468e-02
6.850000000000000000e+01 3.305593925104165220e-02
6.950000000000000000e+01 3.209455540760828424e-02
7.050000000000000000e+01 3.352155347480498260e-02
7.150000000000000000e+01 2.930035062400717510e-02
7.250000000000000000e+01 2.908160771742946196e-02
7.350000000000000000e+01 3.095701184861561830e-02
7.450000000000000000e+01 3.048009114186705018e-02
7.550000000000000000e+01 2.938382856801062884e-02
7.650000000000000000e+01 2.527780818043430175e-02
7.750000000000000000e+01 2.294609384954112916e-02
7.850000000000000000e+01 2.110337388917133197e-02
7.950000000000000000e+01 1.859597163418816659e-02
8.050000000000000000e+01 1.692775535809782142e-02
8.150000000000000000e+01 1.658618091002601533e-02
8.250000000000000000e+01 1.444856712015936927e-02
8.350000000000000000e+01 1.964887067533277118e-02
8.450000000000000000e+01 1.988739384313011060e-02
8.550000000000000000e+01 2.128812507065808504e-02
8.650000000000000000e+01 1.907791249840746703e-02
8.750000000000000000e+01 1.259077041042517067e-02
8.850000000000000000e+01 7.170085319809013126e-03
8.950000000000000000e+01 5.891088379190723145e-03
9.050000000000000000e+01 3.049527470155647714e-03
9.150000000000000000e+01 7.889056635667598179e-04
9.250000000000000000e+01 2.260752732877750228e-03
9.350000000000000000e+01 1.303796408178718334e-03
9.450000000000000000e+01 4.869466718522019906e-03
9.550000000000000000e+01 3.593200105865168581e-03
9.650000000000000000e+01 -8.482233414107476005e-04
9.750000000000000000e+01 -5.573409523352937898e-03
9.850000000000000000e+01 -4.782880151502766700e-03
9.950000000000000000e+01 -4.661136082899434464e-03
